27
OutputChannel -532 -380 
Value -638 -380 277.18
Lambda -451 76 1
If -181 -112 
Op2 -399 -188 >
Value -569 -176 100
Op2 -475 -112 -
Value -601 -100 10
App -343 -34 
App -233 -34 
Op2 -475 -24 +
Value -603 -36 11
App -299 100 
Value -356 178 100
Lambda 100 -124 1
Lambda 216 -122 1
Op2 178 -230 +
App 320 -26 
App 320 -104 
Op2 556 -68 +
App 448 -32 
Value 196 8 3
Value 190 -48 5
Value 304 42 12
App 448 -90 
Debug 666 -56 
Debug -168 112 
0
4 1 5 0
6 1 7 0
10 0 11 0
12 1 13 0
17 1 21 0
18 1 22 0
20 1 23 0
24 1 23 0
3 0 4 0
3 1 6 0
8 1 10 0
20 0 17 0
24 0 18 0
19 1 20 0
19 0 24 0
25 0 19 0
